

lambda(m), TE3
1.6e-06, 0.969786
1.59946e-06, 0.970429
1.59893e-06, 0.971059
1.59839e-06, 0.971675
1.59786e-06, 0.972278
1.59732e-06, 0.972868
1.59679e-06, 0.973446
1.59626e-06, 0.974011
1.59572e-06, 0.974563
1.59519e-06, 0.975104
1.59466e-06, 0.975633
1.59413e-06, 0.97615
1.59359e-06, 0.976655
1.59306e-06, 0.977149
1.59253e-06, 0.977633
1.592e-06, 0.978105
1.59147e-06, 0.978567
1.59094e-06, 0.979018
1.59041e-06, 0.979459
1.58988e-06, 0.97989
1.58935e-06, 0.980311
1.58882e-06, 0.980722
1.58829e-06, 0.981124
1.58777e-06, 0.981516
1.58724e-06, 0.9819
1.58671e-06, 0.982274
1.58618e-06, 0.982639
1.58566e-06, 0.982996
1.58513e-06, 0.983344
1.58461e-06, 0.983685
1.58408e-06, 0.984017
1.58355e-06, 0.984341
1.58303e-06, 0.984657
1.5825e-06, 0.984966
1.58198e-06, 0.985267
1.58146e-06, 0.985561
1.58093e-06, 0.985848
1.58041e-06, 0.986128
1.57989e-06, 0.986401
1.57937e-06, 0.986668
1.57884e-06, 0.986928
1.57832e-06, 0.987182
1.5778e-06, 0.987429
1.57728e-06, 0.98767
1.57676e-06, 0.987906
1.57624e-06, 0.988135
1.57572e-06, 0.988359
1.5752e-06, 0.988578
1.57468e-06, 0.98879
1.57416e-06, 0.988998
1.57364e-06, 0.9892
1.57312e-06, 0.989398
1.5726e-06, 0.98959
1.57209e-06, 0.989777
1.57157e-06, 0.98996
1.57105e-06, 0.990138
1.57054e-06, 0.990312
1.57002e-06, 0.990481
1.5695e-06, 0.990645
1.56899e-06, 0.990806
1.56847e-06, 0.990962
1.56796e-06, 0.991114
1.56744e-06, 0.991262
1.56693e-06, 0.991406
1.56642e-06, 0.991547
1.5659e-06, 0.991683
1.56539e-06, 0.991816
1.56488e-06, 0.991946
1.56436e-06, 0.992071
1.56385e-06, 0.992194
1.56334e-06, 0.992313
1.56283e-06, 0.992428
1.56232e-06, 0.992541
1.56181e-06, 0.99265
1.56129e-06, 0.992756
1.56078e-06, 0.992859
1.56027e-06, 0.992959
1.55976e-06, 0.993056
1.55926e-06, 0.99315
1.55875e-06, 0.993242
1.55824e-06, 0.99333
1.55773e-06, 0.993416
1.55722e-06, 0.993499
1.55671e-06, 0.99358
1.55621e-06, 0.993658
1.5557e-06, 0.993733
1.55519e-06, 0.993806
1.55469e-06, 0.993877
1.55418e-06, 0.993945
1.55368e-06, 0.994011
1.55317e-06, 0.994075
1.55267e-06, 0.994136
1.55216e-06, 0.994195
1.55166e-06, 0.994253
1.55115e-06, 0.994308
1.55065e-06, 0.994361
1.55015e-06, 0.994412
1.54964e-06, 0.994461
1.54914e-06, 0.994508
1.54864e-06, 0.994553
1.54814e-06, 0.994596
1.54763e-06, 0.994638
1.54713e-06, 0.994677
1.54663e-06, 0.994715
1.54613e-06, 0.994752
1.54563e-06, 0.994786
1.54513e-06, 0.994819
1.54463e-06, 0.994851
1.54413e-06, 0.994881
1.54363e-06, 0.994909
1.54313e-06, 0.994936
1.54264e-06, 0.994961
1.54214e-06, 0.994985
1.54164e-06, 0.995007
1.54114e-06, 0.995029
1.54065e-06, 0.995048
1.54015e-06, 0.995067
1.53965e-06, 0.995084
1.53916e-06, 0.9951
1.53866e-06, 0.995114
1.53816e-06, 0.995128
1.53767e-06, 0.99514
1.53717e-06, 0.995151
1.53668e-06, 0.99516
1.53619e-06, 0.995169
1.53569e-06, 0.995176
1.5352e-06, 0.995183
1.5347e-06, 0.995188
1.53421e-06, 0.995192
1.53372e-06, 0.995195
1.53323e-06, 0.995197
1.53273e-06, 0.995199
1.53224e-06, 0.995199
1.53175e-06, 0.995198
1.53126e-06, 0.995196
1.53077e-06, 0.995193
1.53028e-06, 0.995189
1.52979e-06, 0.995184
1.5293e-06, 0.995178
1.52881e-06, 0.995171
1.52832e-06, 0.995164
1.52783e-06, 0.995155
1.52734e-06, 0.995146
1.52685e-06, 0.995135
1.52637e-06, 0.995124
1.52588e-06, 0.995112
1.52539e-06, 0.995099
1.5249e-06, 0.995085
1.52442e-06, 0.99507
1.52393e-06, 0.995055
1.52344e-06, 0.995038
1.52296e-06, 0.995021
1.52247e-06, 0.995003
1.52199e-06, 0.994984
1.5215e-06, 0.994964
1.52102e-06, 0.994943
1.52053e-06, 0.994921
1.52005e-06, 0.994899
1.51957e-06, 0.994876
1.51908e-06, 0.994852
1.5186e-06, 0.994827
1.51812e-06, 0.994801
1.51764e-06, 0.994775
1.51715e-06, 0.994747
1.51667e-06, 0.994719
1.51619e-06, 0.99469
1.51571e-06, 0.99466
1.51523e-06, 0.99463
1.51475e-06, 0.994598
1.51427e-06, 0.994566
1.51379e-06, 0.994532
1.51331e-06, 0.994498
1.51283e-06, 0.994463
1.51235e-06, 0.994427
1.51187e-06, 0.994391
1.51139e-06, 0.994353
1.51091e-06, 0.994315
1.51044e-06, 0.994275
1.50996e-06, 0.994235
1.50948e-06, 0.994194
1.509e-06, 0.994152
1.50853e-06, 0.994109
1.50805e-06, 0.994065
1.50758e-06, 0.99402
1.5071e-06, 0.993974
1.50662e-06, 0.993928
1.50615e-06, 0.99388
1.50567e-06, 0.993831
1.5052e-06, 0.993782
1.50473e-06, 0.993731
1.50425e-06, 0.99368
1.50378e-06, 0.993627
1.50331e-06, 0.993574
1.50283e-06, 0.993519
1.50236e-06, 0.993463
1.50189e-06, 0.993407
1.50141e-06, 0.993349
1.50094e-06, 0.99329
1.50047e-06, 0.993231
1.5e-06, 0.99317



lambda(m), TE2
1.6e-06, 0.995643
1.59946e-06, 0.995739
1.59893e-06, 0.995834
1.59839e-06, 0.995927
1.59786e-06, 0.996019
1.59732e-06, 0.99611
1.59679e-06, 0.996199
1.59626e-06, 0.996288
1.59572e-06, 0.996374
1.59519e-06, 0.99646
1.59466e-06, 0.996544
1.59413e-06, 0.996627
1.59359e-06, 0.996708
1.59306e-06, 0.996788
1.59253e-06, 0.996867
1.592e-06, 0.996944
1.59147e-06, 0.997021
1.59094e-06, 0.997095
1.59041e-06, 0.997169
1.58988e-06, 0.997241
1.58935e-06, 0.997311
1.58882e-06, 0.99738
1.58829e-06, 0.997448
1.58777e-06, 0.997515
1.58724e-06, 0.99758
1.58671e-06, 0.997643
1.58618e-06, 0.997706
1.58566e-06, 0.997767
1.58513e-06, 0.997826
1.58461e-06, 0.997884
1.58408e-06, 0.997941
1.58355e-06, 0.997996
1.58303e-06, 0.99805
1.5825e-06, 0.998103
1.58198e-06, 0.998154
1.58146e-06, 0.998204
1.58093e-06, 0.998252
1.58041e-06, 0.998299
1.57989e-06, 0.998345
1.57937e-06, 0.998389
1.57884e-06, 0.998432
1.57832e-06, 0.998473
1.5778e-06, 0.998513
1.57728e-06, 0.998552
1.57676e-06, 0.998589
1.57624e-06, 0.998625
1.57572e-06, 0.99866
1.5752e-06, 0.998693
1.57468e-06, 0.998725
1.57416e-06, 0.998755
1.57364e-06, 0.998784
1.57312e-06, 0.998812
1.5726e-06, 0.998838
1.57209e-06, 0.998863
1.57157e-06, 0.998887
1.57105e-06, 0.998909
1.57054e-06, 0.99893
1.57002e-06, 0.99895
1.5695e-06, 0.998969
1.56899e-06, 0.998986
1.56847e-06, 0.999001
1.56796e-06, 0.999016
1.56744e-06, 0.999029
1.56693e-06, 0.999041
1.56642e-06, 0.999051
1.5659e-06, 0.99906
1.56539e-06, 0.999068
1.56488e-06, 0.999075
1.56436e-06, 0.99908
1.56385e-06, 0.999084
1.56334e-06, 0.999087
1.56283e-06, 0.999089
1.56232e-06, 0.999089
1.56181e-06, 0.999088
1.56129e-06, 0.999086
1.56078e-06, 0.999082
1.56027e-06, 0.999077
1.55976e-06, 0.999071
1.55926e-06, 0.999064
1.55875e-06, 0.999056
1.55824e-06, 0.999046
1.55773e-06, 0.999035
1.55722e-06, 0.999023
1.55671e-06, 0.99901
1.55621e-06, 0.998995
1.5557e-06, 0.998979
1.55519e-06, 0.998962
1.55469e-06, 0.998944
1.55418e-06, 0.998925
1.55368e-06, 0.998904
1.55317e-06, 0.998883
1.55267e-06, 0.99886
1.55216e-06, 0.998836
1.55166e-06, 0.99881
1.55115e-06, 0.998784
1.55065e-06, 0.998756
1.55015e-06, 0.998728
1.54964e-06, 0.998698
1.54914e-06, 0.998667
1.54864e-06, 0.998635
1.54814e-06, 0.998601
1.54763e-06, 0.998567
1.54713e-06, 0.998531
1.54663e-06, 0.998495
1.54613e-06, 0.998457
1.54563e-06, 0.998418
1.54513e-06, 0.998378
1.54463e-06, 0.998337
1.54413e-06, 0.998294
1.54363e-06, 0.998251
1.54313e-06, 0.998207
1.54264e-06, 0.998161
1.54214e-06, 0.998114
1.54164e-06, 0.998066
1.54114e-06, 0.998018
1.54065e-06, 0.997968
1.54015e-06, 0.997917
1.53965e-06, 0.997865
1.53916e-06, 0.997811
1.53866e-06, 0.997757
1.53816e-06, 0.997702
1.53767e-06, 0.997645
1.53717e-06, 0.997588
1.53668e-06, 0.99753
1.53619e-06, 0.99747
1.53569e-06, 0.997409
1.5352e-06, 0.997348
1.5347e-06, 0.997285
1.53421e-06, 0.997222
1.53372e-06, 0.997157
1.53323e-06, 0.997091
1.53273e-06, 0.997024
1.53224e-06, 0.996957
1.53175e-06, 0.996888
1.53126e-06, 0.996818
1.53077e-06, 0.996747
1.53028e-06, 0.996675
1.52979e-06, 0.996602
1.5293e-06, 0.996528
1.52881e-06, 0.996454
1.52832e-06, 0.996378
1.52783e-06, 0.996301
1.52734e-06, 0.996223
1.52685e-06, 0.996144
1.52637e-06, 0.996064
1.52588e-06, 0.995983
1.52539e-06, 0.995902
1.5249e-06, 0.995819
1.52442e-06, 0.995735
1.52393e-06, 0.99565
1.52344e-06, 0.995564
1.52296e-06, 0.995478
1.52247e-06, 0.99539
1.52199e-06, 0.995301
1.5215e-06, 0.995211
1.52102e-06, 0.995121
1.52053e-06, 0.995029
1.52005e-06, 0.994937
1.51957e-06, 0.994843
1.51908e-06, 0.994748
1.5186e-06, 0.994653
1.51812e-06, 0.994556
1.51764e-06, 0.994459
1.51715e-06, 0.994361
1.51667e-06, 0.994261
1.51619e-06, 0.994161
1.51571e-06, 0.994059
1.51523e-06, 0.993957
1.51475e-06, 0.993854
1.51427e-06, 0.99375
1.51379e-06, 0.993644
1.51331e-06, 0.993538
1.51283e-06, 0.993431
1.51235e-06, 0.993323
1.51187e-06, 0.993214
1.51139e-06, 0.993104
1.51091e-06, 0.992993
1.51044e-06, 0.992881
1.50996e-06, 0.992768
1.50948e-06, 0.992654
1.509e-06, 0.992539
1.50853e-06, 0.992423
1.50805e-06, 0.992306
1.50758e-06, 0.992188
1.5071e-06, 0.992069
1.50662e-06, 0.991949
1.50615e-06, 0.991829
1.50567e-06, 0.991707
1.5052e-06, 0.991584
1.50473e-06, 0.99146
1.50425e-06, 0.991335
1.50378e-06, 0.99121
1.50331e-06, 0.991083
1.50283e-06, 0.990955
1.50236e-06, 0.990826
1.50189e-06, 0.990697
1.50141e-06, 0.990566
1.50094e-06, 0.990434
1.50047e-06, 0.990302
1.5e-06, 0.990168



lambda(m), TE1
1.6e-06, 0.995617
1.59946e-06, 0.995689
1.59893e-06, 0.99576
1.59839e-06, 0.995829
1.59786e-06, 0.995897
1.59732e-06, 0.995963
1.59679e-06, 0.996028
1.59626e-06, 0.996092
1.59572e-06, 0.996155
1.59519e-06, 0.996216
1.59466e-06, 0.996275
1.59413e-06, 0.996334
1.59359e-06, 0.996391
1.59306e-06, 0.996446
1.59253e-06, 0.9965
1.592e-06, 0.996553
1.59147e-06, 0.996604
1.59094e-06, 0.996654
1.59041e-06, 0.996702
1.58988e-06, 0.996749
1.58935e-06, 0.996795
1.58882e-06, 0.996839
1.58829e-06, 0.996881
1.58777e-06, 0.996923
1.58724e-06, 0.996962
1.58671e-06, 0.997001
1.58618e-06, 0.997037
1.58566e-06, 0.997073
1.58513e-06, 0.997107
1.58461e-06, 0.997139
1.58408e-06, 0.99717
1.58355e-06, 0.997199
1.58303e-06, 0.997227
1.5825e-06, 0.997254
1.58198e-06, 0.997279
1.58146e-06, 0.997302
1.58093e-06, 0.997324
1.58041e-06, 0.997345
1.57989e-06, 0.997364
1.57937e-06, 0.997381
1.57884e-06, 0.997397
1.57832e-06, 0.997411
1.5778e-06, 0.997424
1.57728e-06, 0.997435
1.57676e-06, 0.997445
1.57624e-06, 0.997454
1.57572e-06, 0.99746
1.5752e-06, 0.997466
1.57468e-06, 0.997469
1.57416e-06, 0.997471
1.57364e-06, 0.997472
1.57312e-06, 0.997471
1.5726e-06, 0.997469
1.57209e-06, 0.997465
1.57157e-06, 0.997459
1.57105e-06, 0.997452
1.57054e-06, 0.997444
1.57002e-06, 0.997433
1.5695e-06, 0.997422
1.56899e-06, 0.997408
1.56847e-06, 0.997394
1.56796e-06, 0.997377
1.56744e-06, 0.997359
1.56693e-06, 0.99734
1.56642e-06, 0.997319
1.5659e-06, 0.997296
1.56539e-06, 0.997272
1.56488e-06, 0.997247
1.56436e-06, 0.997219
1.56385e-06, 0.997191
1.56334e-06, 0.99716
1.56283e-06, 0.997129
1.56232e-06, 0.997095
1.56181e-06, 0.99706
1.56129e-06, 0.997024
1.56078e-06, 0.996986
1.56027e-06, 0.996946
1.55976e-06, 0.996905
1.55926e-06, 0.996863
1.55875e-06, 0.996819
1.55824e-06, 0.996773
1.55773e-06, 0.996726
1.55722e-06, 0.996677
1.55671e-06, 0.996627
1.55621e-06, 0.996575
1.5557e-06, 0.996522
1.55519e-06, 0.996467
1.55469e-06, 0.996411
1.55418e-06, 0.996353
1.55368e-06, 0.996294
1.55317e-06, 0.996233
1.55267e-06, 0.996171
1.55216e-06, 0.996107
1.55166e-06, 0.996042
1.55115e-06, 0.995975
1.55065e-06, 0.995906
1.55015e-06, 0.995837
1.54964e-06, 0.995765
1.54914e-06, 0.995693
1.54864e-06, 0.995618
1.54814e-06, 0.995543
1.54763e-06, 0.995465
1.54713e-06, 0.995387
1.54663e-06, 0.995307
1.54613e-06, 0.995225
1.54563e-06, 0.995142
1.54513e-06, 0.995058
1.54463e-06, 0.994972
1.54413e-06, 0.994884
1.54363e-06, 0.994796
1.54313e-06, 0.994705
1.54264e-06, 0.994614
1.54214e-06, 0.994521
1.54164e-06, 0.994426
1.54114e-06, 0.99433
1.54065e-06, 0.994233
1.54015e-06, 0.994134
1.53965e-06, 0.994034
1.53916e-06, 0.993932
1.53866e-06, 0.993829
1.53816e-06, 0.993725
1.53767e-06, 0.993619
1.53717e-06, 0.993512
1.53668e-06, 0.993404
1.53619e-06, 0.993294
1.53569e-06, 0.993183
1.5352e-06, 0.99307
1.5347e-06, 0.992956
1.53421e-06, 0.992841
1.53372e-06, 0.992724
1.53323e-06, 0.992606
1.53273e-06, 0.992487
1.53224e-06, 0.992367
1.53175e-06, 0.992245
1.53126e-06, 0.992121
1.53077e-06, 0.991997
1.53028e-06, 0.991871
1.52979e-06, 0.991744
1.5293e-06, 0.991615
1.52881e-06, 0.991486
1.52832e-06, 0.991354
1.52783e-06, 0.991222
1.52734e-06, 0.991089
1.52685e-06, 0.990954
1.52637e-06, 0.990818
1.52588e-06, 0.99068
1.52539e-06, 0.990542
1.5249e-06, 0.990402
1.52442e-06, 0.990261
1.52393e-06, 0.990118
1.52344e-06, 0.989975
1.52296e-06, 0.98983
1.52247e-06, 0.989684
1.52199e-06, 0.989537
1.5215e-06, 0.989389
1.52102e-06, 0.989239
1.52053e-06, 0.989089
1.52005e-06, 0.988937
1.51957e-06, 0.988784
1.51908e-06, 0.988629
1.5186e-06, 0.988474
1.51812e-06, 0.988318
1.51764e-06, 0.98816
1.51715e-06, 0.988001
1.51667e-06, 0.987841
1.51619e-06, 0.98768
1.51571e-06, 0.987518
1.51523e-06, 0.987355
1.51475e-06, 0.98719
1.51427e-06, 0.987025
1.51379e-06, 0.986858
1.51331e-06, 0.986691
1.51283e-06, 0.986522
1.51235e-06, 0.986352
1.51187e-06, 0.986182
1.51139e-06, 0.98601
1.51091e-06, 0.985837
1.51044e-06, 0.985663
1.50996e-06, 0.985488
1.50948e-06, 0.985312
1.509e-06, 0.985135
1.50853e-06, 0.984957
1.50805e-06, 0.984778
1.50758e-06, 0.984598
1.5071e-06, 0.984417
1.50662e-06, 0.984236
1.50615e-06, 0.984053
1.50567e-06, 0.983869
1.5052e-06, 0.983684
1.50473e-06, 0.983498
1.50425e-06, 0.983312
1.50378e-06, 0.983124
1.50331e-06, 0.982936
1.50283e-06, 0.982746
1.50236e-06, 0.982556
1.50189e-06, 0.982365
1.50141e-06, 0.982173
1.50094e-06, 0.98198
1.50047e-06, 0.981786
1.5e-06, 0.981591



lambda(m), TE0
1.6e-06, 0.998696
1.59946e-06, 0.998684
1.59893e-06, 0.998671
1.59839e-06, 0.998659
1.59786e-06, 0.998646
1.59732e-06, 0.998632
1.59679e-06, 0.998618
1.59626e-06, 0.998604
1.59572e-06, 0.99859
1.59519e-06, 0.998575
1.59466e-06, 0.99856
1.59413e-06, 0.998544
1.59359e-06, 0.998528
1.59306e-06, 0.998512
1.59253e-06, 0.998495
1.592e-06, 0.998478
1.59147e-06, 0.998461
1.59094e-06, 0.998444
1.59041e-06, 0.998426
1.58988e-06, 0.998408
1.58935e-06, 0.998389
1.58882e-06, 0.99837
1.58829e-06, 0.998351
1.58777e-06, 0.998331
1.58724e-06, 0.998311
1.58671e-06, 0.998291
1.58618e-06, 0.99827
1.58566e-06, 0.998249
1.58513e-06, 0.998228
1.58461e-06, 0.998207
1.58408e-06, 0.998185
1.58355e-06, 0.998162
1.58303e-06, 0.99814
1.5825e-06, 0.998117
1.58198e-06, 0.998093
1.58146e-06, 0.99807
1.58093e-06, 0.998046
1.58041e-06, 0.998022
1.57989e-06, 0.997997
1.57937e-06, 0.997972
1.57884e-06, 0.997947
1.57832e-06, 0.997921
1.5778e-06, 0.997895
1.57728e-06, 0.997869
1.57676e-06, 0.997842
1.57624e-06, 0.997815
1.57572e-06, 0.997788
1.5752e-06, 0.997761
1.57468e-06, 0.997733
1.57416e-06, 0.997705
1.57364e-06, 0.997676
1.57312e-06, 0.997647
1.5726e-06, 0.997618
1.57209e-06, 0.997588
1.57157e-06, 0.997558
1.57105e-06, 0.997528
1.57054e-06, 0.997498
1.57002e-06, 0.997467
1.5695e-06, 0.997436
1.56899e-06, 0.997404
1.56847e-06, 0.997373
1.56796e-06, 0.99734
1.56744e-06, 0.997308
1.56693e-06, 0.997275
1.56642e-06, 0.997242
1.5659e-06, 0.997209
1.56539e-06, 0.997175
1.56488e-06, 0.997141
1.56436e-06, 0.997107
1.56385e-06, 0.997072
1.56334e-06, 0.997037
1.56283e-06, 0.997002
1.56232e-06, 0.996966
1.56181e-06, 0.99693
1.56129e-06, 0.996894
1.56078e-06, 0.996857
1.56027e-06, 0.99682
1.55976e-06, 0.996783
1.55926e-06, 0.996746
1.55875e-06, 0.996708
1.55824e-06, 0.99667
1.55773e-06, 0.996631
1.55722e-06, 0.996592
1.55671e-06, 0.996553
1.55621e-06, 0.996514
1.5557e-06, 0.996474
1.55519e-06, 0.996434
1.55469e-06, 0.996394
1.55418e-06, 0.996353
1.55368e-06, 0.996312
1.55317e-06, 0.996271
1.55267e-06, 0.996229
1.55216e-06, 0.996188
1.55166e-06, 0.996145
1.55115e-06, 0.996103
1.55065e-06, 0.99606
1.55015e-06, 0.996017
1.54964e-06, 0.995974
1.54914e-06, 0.99593
1.54864e-06, 0.995886
1.54814e-06, 0.995842
1.54763e-06, 0.995797
1.54713e-06, 0.995752
1.54663e-06, 0.995707
1.54613e-06, 0.995662
1.54563e-06, 0.995616
1.54513e-06, 0.99557
1.54463e-06, 0.995523
1.54413e-06, 0.995477
1.54363e-06, 0.99543
1.54313e-06, 0.995382
1.54264e-06, 0.995335
1.54214e-06, 0.995287
1.54164e-06, 0.995239
1.54114e-06, 0.99519
1.54065e-06, 0.995142
1.54015e-06, 0.995093
1.53965e-06, 0.995043
1.53916e-06, 0.994994
1.53866e-06, 0.994944
1.53816e-06, 0.994894
1.53767e-06, 0.994843
1.53717e-06, 0.994793
1.53668e-06, 0.994741
1.53619e-06, 0.99469
1.53569e-06, 0.994639
1.5352e-06, 0.994587
1.5347e-06, 0.994534
1.53421e-06, 0.994482
1.53372e-06, 0.994429
1.53323e-06, 0.994376
1.53273e-06, 0.994323
1.53224e-06, 0.994269
1.53175e-06, 0.994215
1.53126e-06, 0.994161
1.53077e-06, 0.994107
1.53028e-06, 0.994052
1.52979e-06, 0.993997
1.5293e-06, 0.993942
1.52881e-06, 0.993886
1.52832e-06, 0.993831
1.52783e-06, 0.993775
1.52734e-06, 0.993718
1.52685e-06, 0.993662
1.52637e-06, 0.993605
1.52588e-06, 0.993548
1.52539e-06, 0.99349
1.5249e-06, 0.993432
1.52442e-06, 0.993374
1.52393e-06, 0.993316
1.52344e-06, 0.993258
1.52296e-06, 0.993199
1.52247e-06, 0.99314
1.52199e-06, 0.993081
1.5215e-06, 0.993021
1.52102e-06, 0.992961
1.52053e-06, 0.992901
1.52005e-06, 0.992841
1.51957e-06, 0.99278
1.51908e-06, 0.992719
1.5186e-06, 0.992658
1.51812e-06, 0.992597
1.51764e-06, 0.992535
1.51715e-06, 0.992473
1.51667e-06, 0.992411
1.51619e-06, 0.992348
1.51571e-06, 0.992286
1.51523e-06, 0.992223
1.51475e-06, 0.992159
1.51427e-06, 0.992096
1.51379e-06, 0.992032
1.51331e-06, 0.991968
1.51283e-06, 0.991904
1.51235e-06, 0.99184
1.51187e-06, 0.991775
1.51139e-06, 0.99171
1.51091e-06, 0.991645
1.51044e-06, 0.991579
1.50996e-06, 0.991513
1.50948e-06, 0.991448
1.509e-06, 0.991381
1.50853e-06, 0.991315
1.50805e-06, 0.991248
1.50758e-06, 0.991181
1.5071e-06, 0.991114
1.50662e-06, 0.991047
1.50615e-06, 0.990979
1.50567e-06, 0.990911
1.5052e-06, 0.990843
1.50473e-06, 0.990775
1.50425e-06, 0.990706
1.50378e-06, 0.990637
1.50331e-06, 0.990568
1.50283e-06, 0.990499
1.50236e-06, 0.990429
1.50189e-06, 0.990359
1.50141e-06, 0.990289
1.50094e-06, 0.990219
1.50047e-06, 0.990148
1.5e-06, 0.990078



